start=580.538292
pause=yes
volume=78.000000
ab-loop-a=571.404167
